-14.5 0 0 0 
-14 0 0 0 
-13.5 0 0 0 
-13 0 0 0 
-12.4873 0 0 0 
-12.0115 0 0 0 
-11.1556 0 0 0 
-10.7692 0 0 0 
-10.4069 0 0 0 
-10.0665 0 0 0 
-0.94336500E+01 0 0 0 
-0.93293500E+01 0 0 0 
-0.92276500E+01 0 0 0 
-0.91579000E+01 0 0 0 
-0.91284200E+01 0 0 0 
-0.90315200E+01 0.00489870897151009 0 0.00122413286506478 
-0.89368300E+01 0.000622683074064594 0 0 
-0.88874200E+01 0 1.71131026104978e-05 0 
-0.88442300E+01 0.000938646565916272 0 0 
-0.87536200E+01 0 0 0 
-0.86648800E+01 0 0 0 
-0.86309500E+01 0.237671919413859 1.44132407998949e-05 0 
-0.85779200E+01 0 1.76317991826449e-05 0 
-0.84926500E+01 0 0.000145538488199721 0 
-0.84089800E+01 7.79591232996096e-06 0.000196197686723906 0 
-0.83873900E+01 8.26854823703208e-06 0.000200765561291217 0 
-0.83268300E+01 1.02471170457687e-05 0.00032416704355385 0 
-0.82461200E+01 8.51108831004552e-06 0.000380913435258611 0 
-0.81667800E+01 1.25342664533696e-05 0.000523461943028126 2.94103811280459e-06 
-0.81557600E+01 1.82097246919371e-05 0.000529529730100398 3.23680328475654e-06 
-0.80887400E+01 2.45275975340494e-05 0.000629575151370578 3.95637681370966e-06 
-0.80119200E+01 4.08256103783822e-05 0.00085027842797058 3.33510766059422e-06 
-0.79362700E+01 3.82867322668968e-05 0.00141010212102382 2.6352418899645e-06 
-0.79351700E+01 2.82763271349579e-05 0.00138530692632752 9.71664855706408e-07 
-0.78617300E+01 4.12441201525055e-05 0.0017412247513857 6.19024722175806e-06 
-0.77882300E+01 0.000412984954246665 0.00277929616804864 0.000121149772894771 
-0.77248100E+01 0.000949796856895884 0.00371679120731453 0.000636919798740613 
-0.77157300E+01 0.000897173635540192 0.00388580356563632 0.000908816991088074 
-0.76441700E+01 0.00352356307805701 0.00681867091276725 0.000826454535133132 
-0.75734900E+01 0.00279864605256758 0.00579178077201423 0.00241687377670614 
-0.75239600E+01 0.00350587926492559 0.0062481680401122 0.00307747874237449 
-0.75036600E+01 0.00371004983342863 0.00655658105556211 0.00340196251945258 
-0.74346200E+01 0.0045781778609388 0.00699913438289206 0.00490278095946551 
-0.73663300E+01 0.00517780585673142 0.00711333590334623 0.00557690242281248 
-0.73319500E+01 0.00538377629034299 0.00735113441940361 0.00738315184344136 
-0.72987400E+01 0.00551701770137771 0.00795721396725155 0.00593513183090083 
-0.72318200E+01 0.00561440500352773 0.00851333259457612 0.00581049500351292 
-0.71655300E+01 0.00636144588078302 0.0123569012919858 0.00709728722706942 
-0.71481800E+01 0.0049990518984845 0.00908072589687748 0.00497996926276317 
-0.70998200E+01 0.0041914663824411 0.00904188274838226 0.00921424868125618 
-0.70346500E+01 0.00284360492371659 0.00889332339495332 0.00314884464013396 
-0.69721100E+01 7.51509504412998e-05 0.0099721396988403 0.00208030454351565 
-0.69700000E+01 7.49622745690387e-05 0.0102314392875179 0.00162611529986424 
-0.69058200E+01 8.06319566068096e-05 0.0100147651213766 0.0020256786088623 
-0.68420900E+01 0.00113965448195163 0.00569680701344253 0.00110371983390647 
-0.68032400E+01 0.000459893371195726 0.00421235524403286 0.0112153200840581 
-0.67787600E+01 9.18229934953256e-05 0.00428062892236002 0.00879501827738392 
-0.67158000E+01 0.000107828604410264 0.00451999531260423 0.00604560794819621 
-0.66531800E+01 0.00957655583742928 0.000103527259251414 1.29434453356319e-05 
-0.66411100E+01 0.0164330458781941 8.25533648906968e-05 0.000576198452745626 
-0.65908800E+01 6.4504288765312e-05 0.000217860696182563 0.0231115275928836 
-0.65288500E+01 0.00011286740465847 0.000349574062593261 0.0338810015177937 
-0.64853000E+01 0.00010560342146481 0.000316247522061001 0.000117012803785698 
-0.64670800E+01 0.000111552363142704 0.000344454954158773 0.00012655399042748 
-0.64055200E+01 0.000108078039138123 0.000226063112378264 0.000113913984275681 
-0.63441500E+01 0.000104955376421073 0.000453178344311505 0.000203932495067221 
-0.63354200E+01 0.000106143567448075 0.000475263027330094 0.000141972743229674 
-0.62829500E+01 0.000135226521924394 0.000509648303247634 0.000165966095925674 
-0.62218700E+01 0.000148640151243579 0.00362878946391765 0.00205103577641233 
-0.61911100E+01 0.000150387178028746 0.000522189694674775 0.000187552472404866 
-0.61609000E+01 0.000153406454286755 0.000543954684418914 0.000226023017395904 
-0.60520600E+01 0.000249538419931956 0.000644468326264544 0.000292427747880011 
-0.59179500E+01 0.00029655272109439 0.000704117892932723 0.000399678174042279 
-0.58391000E+01 0.000315512956564378 0.000571692974874091 0.000505165985556994 
-0.57885100E+01 0.000566006764312505 0.00103445104395127 0.000830703358872728 
-0.57781300E+01 0.000633270181363272 0.00104244132187602 0.000802843128952272 
-0.57170500E+01 0.000404653806160139 0.000860823125601424 0.00185887490535835 
-0.56634800E+01 0.000513944854006594 0.000863126024286024 0.000631913043314816 
-0.56558500E+01 0.000513430512181381 0.000861473943482 0.000648077546105344 
-0.55944800E+01 0.000537390988326763 0.00106434294823314 0.000819729429642392 
-0.55426100E+01 0.000569970940575954 0.00124339721975947 0.00062219800196739 
-0.55329200E+01 0.000606077602383038 0.00122234437540395 0.000663707124713452 
-0.54711500E+01 0.00057786629191739 0.00127582033199053 0.00091697176477784 
-0.54256900E+01 0.000659758156728288 0.00149273568192142 0.00096273051030424 
-0.54091200E+01 0.000660822559568864 0.00134362987548636 0.0009906308333446 
-0.53468200E+01 0.000750230160569799 0.00155981730910096 0.00118846075586404 
-0.53125100E+01 0.000859406428532856 0.00157602722008822 0.0014353009299868 
-0.52842000E+01 0.000958526499488432 0.00159466534598574 0.00158420607126848 
-0.52212400E+01 0.00108665415798062 0.0016878067302799 0.00186787060851706 
-0.52028600E+01 0.00116158835992072 0.00173039048526764 0.00200328198430102 
-0.51579100E+01 0.00145510924982758 0.00187548934313991 0.00218661725299621 
-0.50965800E+01 0.0015893151047614 0.00200939131715726 0.00209179854167545 
-0.50941800E+01 0.00160368593546264 0.00206813728286479 0.00210304065954302 
-0.50300000E+01 0.00180244492231338 0.00228661632501886 0.0026793809749343 
-0.49934900E+01 0.00215985668938992 0.00427348202033747 0.00178343313014854 
-0.49653500E+01 0.00166035898790447 0.00609811593155686 0.001917617643843 
-0.49001800E+01 0.00225811690194434 0.00242818176386115 0.00228981486027662 
-0.48934400E+01 0.00228681986124851 0.00247895782602454 0.0023347508667153 
-0.48344700E+01 0.00226733009078774 0.00274181179852461 0.00255766033683235 
-0.47962800E+01 0.00235484106281029 0.00274587092215527 0.00281670706323068 
-0.47681800E+01 0.00241055182899561 0.0026651596264797 0.0026781767546354 
-0.47018600E+01 0.00264184357994215 0.00322969839282318 0.00324407987868419 
-0.47012600E+01 0.0026569874801647 0.00324399691859425 0.00324435884406125 
-0.46336700E+01 0.00312541901807656 0.00373467106739943 0.00407177712035112 
-0.46100700E+01 0.00309712551276717 0.00375086115261885 0.00372525740555657 
-0.45653800E+01 0.00345488789901919 0.00413063648644924 0.00435267891261678 
-0.45207700E+01 0.00407629054798906 0.00452850340801467 0.00493368838596974 
-0.44963400E+01 0.00424070182425879 0.00462485943106545 0.00534732865301213 
-0.44338600E+01 0.00559441124961161 0.00560082409719898 0.00637339206519298 
-0.44265100E+01 0.00569790177998528 0.00574265595465025 0.00646810428513065 
-0.43558300E+01 0.00619576622687872 0.00646130693138531 0.00712203758720981 
-0.43492200E+01 0.00625720473830007 0.00655487190709181 0.00719033859719214 
-0.42842700E+01 0.00714285448598244 0.00717147929371807 0.00801068344589217 
-0.42667600E+01 0.00743853490277031 0.00724661248452016 0.00830339512657588 
-0.42117700E+01 0.00823835767795153 0.0079686215681643 0.00932335073022701 
-0.41863700E+01 0.00851824928963249 0.00821657310859789 0.00969314323946892 
-0.41382700E+01 0.00916625172275659 0.0087230393926334 0.0103338381842518 
-0.41079800E+01 0.00883562981788828 0.00786210400283215 0.0106196317394418 
-0.40637300E+01 0.00929819461681894 0.00815864067840177 0.0107695569845077 
-0.40314900E+01 0.00929424365555453 0.00849003574730327 0.0114687324096039 
-0.39880800E+01 0.0101042747310486 0.00905700830670056 0.0123461235829301 
-0.39568200E+01 0.0103726265771008 0.00957334446527147 0.0128502842983732 
-0.39112600E+01 0.011491185774303 0.0107258351709003 0.0134079430541081 
-0.38839000E+01 0.0140625403037544 0.011122663241224 0.0137033360309617 
-0.38332200E+01 0.0145207586448553 0.0102237113499014 0.0146987634426325 
-0.38126600E+01 0.014811603188654 0.0104353760688198 0.0150725635767791 
-0.37538800E+01 0.0149867774950852 0.0115253782859898 0.0159075432093253 
-0.37430300E+01 0.0150303464463447 0.0115766465561706 0.0160748773940888 
-0.36749300E+01 0.0138924894357911 0.0114921392842959 0.0175972975067891 
-0.36731700E+01 0.0138381179705374 0.0114585301209222 0.0176485565096991 
-0.36083200E+01 0.0147061797726166 0.0120454857075827 0.0193271233463178 
-0.35910200E+01 0.0148437877092871 0.0123784348056018 0.0197890642960006 
-0.35431300E+01 0.016613606686464 0.0139185936239451 0.0216849026068883 
-0.35073500E+01 0.0190441779778278 0.0153412581776772 0.0229231654045192 
-0.34793100E+01 0.0184652713313494 0.0152736328460282 0.0236470243770298 
-0.34220800E+01 0.0200012732896845 0.0163287416746962 0.0251136497365061 
-0.34168000E+01 0.0202028780665793 0.016408393651045 0.0251781585790022 
-0.33555600E+01 0.022076121562561 0.0183221578753473 0.0257181354730251 
-0.33351200E+01 0.0228216163325813 0.0186612164903658 0.0261617492318678 
-0.32955400E+01 0.0259346572790458 0.0202256383132667 0.0267090225604496 
-0.32463800E+01 0.0246664115507775 0.0201551274191374 0.0280806341595193 
-0.32366900E+01 0.0258714177562508 0.0202810549455023 0.0283573417230701 
-0.31789700E+01 0.0274293125918499 0.020641289043237 0.0300978796075548 
-0.31557700E+01 0.0287319808854818 0.0209272884428492 0.0308957262550353 
-0.31223300E+01 0.0300909689513546 0.021265335558371 0.0315568542053851 
-0.30667500E+01 0.0331626589085705 0.0219452885566028 0.0335724357731397 
-0.30631700E+01 0.0332815385999629 0.0219402794311845 0.0336760897489946 
-0.30121700E+01 0.0354594902445133 0.022667893286378 0.0355120744711925 
-0.29684800E+01 0.0392949388605787 0.0228659446598475 0.0366171685657961 
-0.29585700E+01 0.0381834880208996 0.0228317716422438 0.0369083854902721 
-0.29059200E+01 0.0384821030746188 0.0236516444179283 0.0392733495816512 
-0.28715800E+01 0.03654688336029 0.0224813888543678 0.0394750686518935 
-0.28541600E+01 0.0397380746725966 0.0232486874024575 0.0406516059617194 
-0.28032900E+01 0.0392986328182009 0.022757112002584 0.0431117085257737 
-0.27723500E+01 0.0391499910696024 0.0225049189724868 0.0454370337792983 
-0.27532600E+01 0.0397187470026206 0.0226453289556274 0.0457062704506495 
-0.27040500E+01 0.0411305980219917 0.0222555556704708 0.048572708842821 
-0.26706500E+01 0.0399435120373945 0.0216830832753048 0.0505083622813068 
-0.26556300E+01 0.0415387663604375 0.0220591562467236 0.0515796398212998 
-0.26079800E+01 0.0424615568938283 0.0221027764908342 0.0559325202111216 
-0.25663500E+01 0.0435220645996263 0.0218975677918996 0.0592654666055808 
-0.25610600E+01 0.043451542427089 0.0219206853095056 0.0596591732762849 
-0.25148500E+01 0.0443716921345075 0.0225501453348984 0.0631333261848426 
-0.24693400E+01 0.0447447915044463 0.0221321601920557 0.0652507238545154 
-0.24592900E+01 0.0454366586678701 0.0218781381934306 0.0653949618684395 
-0.24244900E+01 0.0471010734034591 0.0222029720726546 0.0673207163264378 
-0.23802900E+01 0.0470229410763266 0.022049031581782 0.0685873877824518 
-0.23493000E+01 0.0484715686850253 0.0219814213033855 0.0692436715382703 
-0.23367100E+01 0.049286263603083 0.0219946986069056 0.0691435492998793 
-0.22937400E+01 0.0473715682126161 0.0219573653049759 0.0690758449253686 
-0.22513600E+01 0.0506250703072745 0.0224958261086589 0.0695798644035118 
-0.22362200E+01 0.0504217773282295 0.0224345712744102 0.0699482796482062 
-0.22095400E+01 0.0508337324676484 0.0221069130932727 0.0698679724456432 
-0.21682700E+01 0.0531117937347216 0.0228018839920016 0.0697810519951862 
-0.21275400E+01 0.0532388448808514 0.022138863707418 0.0706367471833233 
-0.21198500E+01 0.053552867859544 0.0218560238145582 0.0706629957078027 
-0.20873200E+01 0.0544445607622812 0.0218442464136117 0.0703523516088716 
-0.20475900E+01 0.0547701187055174 0.0211781703566415 0.0701434378210091 
-0.20083600E+01 0.0549865209017956 0.0207478232282808 0.0691301612315082 
-0.20000000E+01 0.0547372567245412 0.0215887170524573 0.068253367665636 
-0.19695900E+01 0.0559093794579761 0.0213648513081396 0.0707372065055676 
-0.19312700E+01 0.0570897332895969 0.0215607017311139 0.0718240557764923 
-0.18934000E+01 0.0571850892339877 0.0210043469748199 0.071026865736436 
-0.18559500E+01 0.0614012209300112 0.0218318837107485 0.0712780325967329 
-0.18189200E+01 0.0948207768894939 0.025699951586577 0.0704212854104453 
-0.17822900E+01 0.0631453197531907 0.0225792263120932 0.0715922337058409 
-0.17460400E+01 0.0936077218606547 0.026151490768606 0.0711292595646707 
-0.17101800E+01 0.0620357372963398 0.0237412255908508 0.0717000859509433 
-0.16746700E+01 0.0638107240442591 0.0245296862071309 0.0739612302556528 
-0.16395300E+01 0.0626354981099712 0.0245675649636966 0.0752951119784993 
-0.16047200E+01 0.0652764938326981 0.0251912667358505 0.0771321879559562 
-0.15702500E+01 0.0652958034821825 0.0250614068110537 0.078340408920427 
-0.15361000E+01 0.0652246253295233 0.0246909788411527 0.0781720573542095 
-0.15022600E+01 0.0645605480840631 0.0238870820620527 0.0778585358958788 
-0.14687300E+01 0.064443886184197 0.0245009748549856 0.0782399474115227 
-0.14354900E+01 0.0643501390903903 0.0243987832624406 0.0784636705929853 
-0.14025300E+01 0.0625538892500572 0.0232510140750328 0.075214808731896 
-0.13698500E+01 0.0603901033375545 0.0214069659441793 0.0707574343563361 
-0.13374400E+01 0.0581916696520241 0.0210325749307433 0.0695952747273921 
-0.13052800E+01 0.0567102539681742 0.0204961035675219 0.067053671080757 
-0.12733700E+01 0.0537884475846777 0.0189612273946022 0.0665963080732821 
-0.12417100E+01 0.0601421120511067 0.0208352387477938 0.0668296844108469 
-0.12102800E+01 0.0605809283519056 0.0215152116106425 0.067783881131399 
-0.11790800E+01 0.0589609219437433 0.0214261910044428 0.0675053868763183 
-0.11481000E+01 0.0584250497609163 0.0213235799305278 0.0671183146855544 
-0.11173300E+01 0.051153267028453 0.0243411810433233 0.0679651933699336 
-0.10867600E+01 0.0522685910845895 0.0242859668499408 0.0684828709555459 
-0.10563900E+01 0.0795365805835833 0.0237752660418966 0.0663795160114606 
-0.10262200E+01 0.0525417108621695 0.0246527550942128 0.0628193678376326 
-0.99622800E+00 0.0487404548549642 0.0207269471908591 0.0618904158294799 
-0.96641500E+00 0.061453153967105 0.0205227307962986 0.0634936390128574 
-0.93677400E+00 0.046001545290566 0.0178335754028037 0.0597717005234288 
-0.90729900E+00 0.0463908307380413 0.0176660687547859 0.0599838475711923 
-0.87798400E+00 0.0455226864489648 0.0172554773130162 0.0608239435478994 
-0.84882200E+00 0.0487317610065531 0.0163460314545877 0.0578875725855114 
-0.81980800E+00 0.0489639199349895 0.0164626020860217 0.05717493696656 
-0.79093600E+00 0.0499131855296607 0.0176590180689874 0.0568224051056727 
-0.76220000E+00 0.048456324610056 0.0168022478925923 0.0531285343228219 
-0.73359500E+00 0.048927505564899 0.0170151588767484 0.0522821430148583 
-0.70511600E+00 0.0513452931230364 0.0182045670703022 0.0509957548797165 
-0.67675600E+00 0.0531338493141238 0.0212107075030444 0.0552733570620886 
-0.64851100E+00 0.0519187113871273 0.0207607422895719 0.0481990042239183 
-0.62037500E+00 0.0495173863978864 0.0202666778623698 0.0480022055023309 
-0.59234400E+00 0.0509885402532432 0.0212107142370134 0.0439276272092047 
-0.56441200E+00 0.0551360827053952 0.0248361142510104 0.0518626660581644 
-0.53657400E+00 0.0571668160264373 0.0257152781366517 0.0525899896189684 
-0.50882500E+00 0.058770058927642 0.0264169860390829 0.054102602289361 
-0.48116000E+00 0.0577159039329274 0.0269830869477546 0.0573439364990593 
-0.45357600E+00 0.0586639436974538 0.028125263214312 0.0615840849854277 
-0.42606600E+00 0.0628283554251739 0.0300319177763304 0.0648350071201474 
-0.39862600E+00 0.0665007855543501 0.0313362705324799 0.0678970775106657 
-0.37125100E+00 0.0664078451203009 0.0315283108690985 0.073079893446284 
-0.34393700E+00 0.0707179399171026 0.0337502308224186 0.0787191606021701 
-0.31668000E+00 0.0736155706119797 0.0335793958439185 0.0836101115819214 
-0.28947300E+00 0.0749480208525982 0.0365910797656994 0.0970994916556651 
-0.26231400E+00 0.0798362593006956 0.0371766848324139 0.0984611097053291 
-0.23519800E+00 0.0789929474011644 0.0379640093050168 0.0995280327882057 
-0.20812000E+00 0.0833314258436346 0.0380273165642705 0.099599980278592 
-0.18107500E+00 0.0870458852322526 0.0397600294753674 0.103846152246871 
-0.15406000E+00 0.0927877941586756 0.0424397335608179 0.0998778011088511 
-0.12707000E+00 0.0935587115823907 0.0433267425807866 0.109389708768533 
-0.10000000E+00 0.0944862425911146 0.045700488897971 0.112503844345531 
-0.86666700E-01 0.097589846229286 0.0464575911098556 0.110368057454884 
-0.73333300E-01 0.097290759514482 0.0474904504990725 0.11092045843982 
-0.60000000E-01 0.0972263982294468 0.0494653100845952 0.110821915580401 
-0.46666700E-01 0.0967719307786338 0.0499098255587859 0.108751862639563 
-0.33333300E-01 0.0953312039985527 0.0505114638583446 0.106971848777071 
-0.20000000E-01 0.0953787701945377 0.0519182443690604 0.105547307514624 
-0.66666700E-02 0.0945690769514535 0.0525843119624978 0.104860173851359 
0.66666700E-02 0.0943539695225497 0.0534446820121201 0.102444970146288 
0.20000000E-01 0.0939848503002614 0.0533007780744661 0.102011402041265 
0.33333300E-01 0.0935383664813619 0.0533177002142728 0.0980650416639295 
0.46666700E-01 0.0937732273007107 0.0538320967958201 0.0987390051584658 
0.60000000E-01 0.0932969419934851 0.0533891756026352 0.0946634374293091 
0.73333300E-01 0.0937016797430989 0.0527755370793202 0.0910966848239002 
0.86666700E-01 0.0922871385294329 0.0530179263027465 0.0864948877188945 
0.10000000E+00 0.0905196005788578 0.051326306810771 0.0830980441871162 
0.12707000E+00 0.0858015593902232 0.0492184341806996 0.0826014713473607 
0.15406000E+00 0.0835817945078839 0.0447620687089808 0.0713807662675434 
0.18107500E+00 0.0810858320197646 0.0409840544090764 0.0659321388702164 
0.20812000E+00 0.0762557663355924 0.0399974675167957 0.078373276121103 
0.23519800E+00 0.0730935999584883 0.0371858768036543 0.0719134004564135 
0.26231400E+00 0.0650457439846433 0.0339981330156994 0.072727075258667 
0.28947300E+00 0.0632358925994325 0.0316619685566937 0.0775296210620756 
0.31668000E+00 0.0613580294391206 0.0281705425809491 0.0682984283558905 
0.34393700E+00 0.0578693731305647 0.0264607651547974 0.0710775606250693 
0.37125100E+00 0.0532424080620806 0.0237058103557169 0.0775465533490158 
0.39862600E+00 0.049434435107616 0.0211891280200563 0.0668656195245366 
0.42606600E+00 0.0501689019585434 0.0209645461405247 0.0755203519939123 
0.45357600E+00 0.0483653069833313 0.0211164393900963 0.0699306305712475 
0.48116000E+00 0.0481294441287089 0.0199559927261648 0.067029181613622 
0.50882500E+00 0.0472143980515629 0.0184987361196388 0.063472848306759 
0.53657400E+00 0.0410527546047344 0.0155127014958034 0.0638830646929982 
0.56441200E+00 0.040490931853679 0.0162751153176562 0.0725059402422371 
0.59234400E+00 0.0403876240160866 0.0160316085618562 0.073481881525448 
0.62037500E+00 0.0419872115201949 0.0149438932042123 0.0599682167503234 
0.64851100E+00 0.0422129224618614 0.0137510336362468 0.0616454518901105 
0.67675600E+00 0.0437008566390864 0.0120561650534725 0.0653471241092464 
0.70511600E+00 0.0381177737987097 0.0106364320833735 0.065749648469484 
0.73359500E+00 0.0402854568413713 0.011111836994123 0.0654752517052479 
0.76220000E+00 0.0441156654905215 0.00904519602122079 0.0642143320179126 
0.79093600E+00 0.0299436453484572 0.0087188947110471 0.0592012176815956 
0.81980800E+00 0.0463742751192198 0.00957056320227388 0.0548885017352526 
0.84882200E+00 0.0479070824827834 0.0105788468055972 0.0570106379782947 
0.87798400E+00 0.0372436460056633 0.011369725293811 0.0583352206212396 
0.90729900E+00 0.0430846444735553 0.0101545382544422 0.0572783896382273 
0.93677400E+00 0.0454523108079786 0.0163038774102386 0.0559504608917376 
0.96641500E+00 0.0429835333436633 0.0117357217151866 0.0730063739934917 
0.99622800E+00 0.044825959915331 0.0105509766131832 0.0708352834396651 
0.10262200E+01 0.0565714722082032 0.01701987796222 0.0466198661964254 
0.10563900E+01 0.0485247204329242 0.00735316084783789 0.052831696766069 
0.10867600E+01 0.0454571347115168 0.00826874579108224 0.0547447019658869 
0.11173300E+01 0.0418126883072906 0.0126320385846661 0.0551550323590676 
0.11481000E+01 0.0250731188178229 0.0104342864251078 0.0717129184160787 
0.11790800E+01 0.0242033237472657 0.0100156753717422 0.0734360442671734 
0.12102800E+01 0.0237721270944731 0.00727298719636007 0.0674541274117039 
0.12417100E+01 0.0231674562441691 0.00853770639610376 0.0716588586204482 
0.12733700E+01 0.0245770850054894 0.00860168343565072 0.0848752627707 
0.13052800E+01 0.0292732461270704 0.00906456017952048 0.0812700347817192 
0.13374400E+01 0.0257444568884105 0.0110579187821969 0.0844413963207304 
0.13698500E+01 0.028958311943081 0.00951670578689056 0.0923726548821576 
0.14025300E+01 0.0420099440606825 0.0338959378004913 0.0694200318819111 
0.14354900E+01 0.0312441711161028 0.0127032541498071 0.0694939854251695 
0.14687300E+01 0.0290576348734174 0.0138928736804895 0.121676801638534 
0.15022600E+01 0.0279395420089235 0.014997730979039 0.0816479796652912 
0.15361000E+01 0.0298821395827336 0.0249042401651941 0.0704712015903289 
0.15702500E+01 0.024173454780307 0.018006519852017 0.0876698641151065 
0.16047200E+01 0.040066063983371 0.0219103229139442 0.0914486190052706 
0.16395300E+01 0.0399978481118648 0.023889344295779 0.0849850885518793 
0.16746700E+01 0.0278665574940598 0.0232491871733538 0.0658432552023853 
0.17101800E+01 0.0293260189906286 0.0214561910627506 0.0731768506706728 
0.17460400E+01 0.0310790009180266 0.0230531172159128 0.0754044322482962 
0.17822900E+01 0.0327327403495272 0.0267801248137095 0.0741105973684068 
0.18189200E+01 0.0330487196355007 0.0283244815777126 0.0756317424651299 
0.18559500E+01 0.0362106840669592 0.0306199168294259 0.0752514828335132 
0.18934000E+01 0.0372918712332381 0.0307853169693641 0.0650442423709579 
0.19312700E+01 0.0431280548557622 0.0366771934706818 0.0575892529027767 
0.19695900E+01 0.0402874955380358 0.0332867413299674 0.0548663091007168 
0.20083600E+01 0.0403660410415316 0.0373186363387832 0.057073108321417 
0.20475900E+01 0.0439194587669247 0.043880404949429 0.0478601327077456 
0.20873200E+01 0.0436315127873864 0.0449429121562862 0.0428975270800866 
0.21275400E+01 0.041501602979924 0.047212316248156 0.0441157459419652 
0.21682700E+01 0.0406962193721216 0.0490406883340089 0.0422955200424482 
0.22095400E+01 0.0409291909350999 0.0491056477675432 0.0391710637332272 
0.22513600E+01 0.0419029054268097 0.0516924958365595 0.0385336903961902 
0.22937400E+01 0.0445501918098453 0.0555858449937484 0.0387465442150951 
0.23367100E+01 0.0479371215164497 0.0577375683382774 0.0397068365645717 
0.23802900E+01 0.0497036309998218 0.0608933130500519 0.0409020162218478 
0.24244900E+01 0.0524904806195962 0.0637434177056806 0.0408389893465214 
0.24693400E+01 0.0541049264390353 0.0650073789445201 0.0400563800266618 
0.25148500E+01 0.0522513087572318 0.0617995391907862 0.0419249137340577 
0.25610600E+01 0.0535111040349476 0.0634437406415078 0.0402219431131076 
0.26079800E+01 0.0518188741197391 0.0681168786681644 0.0409455155368991 
0.26556300E+01 0.0495761770417425 0.0734238593166425 0.0404654599126071 
0.27040500E+01 0.050699083668188 0.0733417006241874 0.0392782990887153 
0.27532600E+01 0.0527861657630776 0.07658877025897 0.0386516194328705 
0.28032900E+01 0.0567140315880796 0.0771296523229071 0.0392409379477397 
0.28541600E+01 0.0564769798968248 0.0792162969842286 0.0401628715060428 
0.29059200E+01 0.0588832390501262 0.075917264958252 0.0396242386528671 
0.29585700E+01 0.0582900832489147 0.0749135704265908 0.0405886241490804 
0.30121700E+01 0.0620669573172732 0.078470890578819 0.0421968309607779 
0.30667500E+01 0.0623037453989969 0.087575970861303 0.0433884017527638 
0.31223300E+01 0.0611932069692787 0.0886503168783827 0.0435196476668926 
0.31789700E+01 0.0614959800028288 0.0905981680736509 0.0437910524297541 
0.32366900E+01 0.0616405914367944 0.0899550280875872 0.0415163837128169 
0.32955400E+01 0.0589356492082989 0.0955744990848858 0.0459662761656952 
0.33555600E+01 0.059262557776703 0.0992686557252765 0.046219324569122 
0.34168000E+01 0.0603978417913848 0.100829012872641 0.0430906629488426 
0.34793100E+01 0.0588690968479364 0.101850039315027 0.0417690427283167 
0.35431300E+01 0.0577270488786131 0.105203137276575 0.0413033460115608 
0.36083200E+01 0.0566812184153248 0.109208884624183 0.040639746607901 
0.36749300E+01 0.0556814131916135 0.111782604924685 0.039735317495101 
0.37430300E+01 0.0546994233477283 0.11554993241835 0.0398283855714227 
0.38126600E+01 0.0541905020520896 0.120430320300828 0.0403747873243218 
0.38839000E+01 0.0528645953948896 0.124054093138484 0.0413001748119342 
0.39568200E+01 0.0540095556377103 0.127733634417615 0.0422293817869293 
0.40314900E+01 0.0540044091361575 0.132026376480525 0.0414737254795326 
0.41079800E+01 0.052980714707624 0.136191558310354 0.0416242717167785 
0.41863700E+01 0.0521500243613702 0.138478062573302 0.040990112117719 
0.42667600E+01 0.0512736085550463 0.142018206487384 0.0405886620788832 
0.43492200E+01 0.0505440174378327 0.145556832653532 0.0396384411475384 
0.44338600E+01 0.0485933803119133 0.149932027700802 0.0387944673647794 
0.45207700E+01 0.04832003939467 0.151091786800546 0.0369519209356467 
0.46100700E+01 0.0468453751262131 0.15253518094206 0.0364215679214527 
0.47018600E+01 0.0466392445188919 0.152879825422101 0.0360001596969814 
0.47962800E+01 0.0464786681259473 0.152362534088592 0.0348663442868378 
0.48934400E+01 0.0460669896710933 0.153538015273327 0.033816426584042 
0.49934900E+01 0.0465960755021611 0.15305210117257 0.0323842092403965 
0.50965800E+01 0.0468153809847173 0.152326529072346 0.0313960313188908 
0.52028600E+01 0.0483204067975469 0.156960062658309 0.0313668605544273 
0.53125100E+01 0.0491039988346888 0.162338826036074 0.0299191103868297 
0.54256900E+01 0.0481228710644193 0.171381373925633 0.0287982255540066 
0.55426100E+01 0.0469538341636148 0.18368629121028 0.026980596488403 
0.56634800E+01 0.0441128525049809 0.194345804111721 0.028466293383319 
0.57885100E+01 0.0439469972459218 0.211922192865588 0.0316977802195438 
0.59179500E+01 0.0411796165467131 0.213877341928722 0.0318077043397632 
0.60520600E+01 0.0350435065636226 0.202254492928479 0.0272671730068253 
0.61911100E+01 0.0329967167410132 0.18734737790901 0.0261755959088264 
0.63354200E+01 0.0292004294467961 0.169146287936077 0.0242306851797882 
0.64853000E+01 0.0285226967353093 0.158894336627631 0.0235752622881367 
0.66411100E+01 0.027806630273945 0.149506916903614 0.0223220516442561 
0.68032400E+01 0.0261862995307748 0.141237888447571 0.0201279064745781 
0.69721100E+01 0.0320419201738749 0.145239570325959 0.0220457793550201 
0.71481800E+01 0.0239590229532042 0.133858627545539 0.0253050313465245 
0.73319500E+01 0.0237384240219024 0.131786091551792 0.0115209104069152 
0.75239600E+01 0.0191324892457289 0.144929020312716 0.0131015341824811 
0.77248100E+01 0.0185947166280578 0.139893733035488 0.00673691095466215 
0.79351700E+01 0.0206317553588843 0.136638924426462 0.0176226162687303 
0.81557600E+01 0.0184164092124842 0.116496836512052 0.00984641727405144 
0.83873900E+01 0.0151860450123175 0.114751284834485 0.0100691353386342 
0.86309500E+01 0.015555060913191 0.128792192035936 0.0117625926656763 
0.88874200E+01 0.01507435436386 0.1199602356675 0.0100112545006598 
0.91579000E+01 0.0121789136529686 0.120573783469819 0.00980057391002886 
0.94436300E+01 0.0144577418549192 0.134717103614317 0.0102433836502086 
9.74598 0 0 0 
10.0665 0 0 0 
10.4069 0 0 0 
10.7692 0 0 0 
11.1556 0 0 0 
11.5688 0 0 0 
12.0115 0 0 0 
12.4873 0 0 0 
13 0 0 0 
13.5 0 0 0 
14 0 0 0 
14.5 0 0 0 
15 0 0 0 
15.5 0 0 0 
16 0 0 0 
16.5 0 0 0 
17 0 0 0 
17.5 0 0 0 
18 0 0 0 
18.5 0 0 0 
19 0 0 0 
19.5 0 0 0 
20 0 0 0 
20.5 0 0 0 
